%Julie Harrow
%1.020 PSet4: Problem 3 Part A

A = [3 -4 5 -4; 1 -1 1 -2; 2 1 2 3; 2 -2 2 -4; 2 -3 2 -1];

b = [12; 0; 52; 0; 4];

X = A\b;

X = 


   10.0000
    8.0000
    6.0000
    4.0000